文件大小 113810

pinch      count=12   lines=[2220, 2230, 2235, 2237, 2239, 2248, 2257, 2260, 2262, 2266, 2273, 2276]
双指         count=2    lines=[2083, 2219]
crop-      count=10   lines=[2097, 2101, 2102, 2103, 2105, 2107, 2108, 2110, 2111, 2112]
缩放         count=6    lines=[2081, 2083, 2167, 2219, 2295, 2305]
range      count=21   lines=[1485, 1498, 1501, 1502, 1503, 1542, 1543, 1544, 1545, 1566, 1567, 1568, 1569, 1570, 1576, 1648, 1659, 1934, 1935, 1960, 2112]
拖动         count=3    lines=[2083, 2197, 2219]
头像         count=11   lines=[14, 541, 991, 1025, 1059, 1172, 1173, 2079, 2085, 2339, 2341]
avatar     count=12   lines=[448, 450, 486, 552, 570, 984, 991, 1160, 1169, 1170, 1171, 2335]
完成         count=4    lines=[1320, 2081, 2085, 2103]
取消         count=7    lines=[1574, 1590, 1755, 2049, 2081, 2102, 2365]
相册         count=0    lines=[]
拍照         count=0    lines=[]